[[[0,[5,8]],[[1,7],[9,6]]],[[4,[1,2]],[[1,4],2]]]
[[[0,[5,8]],[[1,7],[9,6]]],[[4,[1,2]],[[1,4],2]]]
[[[0,[5,8]],[[1,7],[9,6]]],[[4,[1,2]],[[1,4],2]]]
[[[5,[2,8]],4],[5,[[9,9],0]]]
reducing:[[[[0,[5,8]],[[1,7],[9,6]]],[[4,[1,2]],[[1,4],2]]],[[[5,[2,8]],4],[5,[[9,9],0]]]]
exploded:[[[[5,0],[[9,7],[9,6]]],[[4,[1,2]],[[1,4],2]]],[[[5,[2,8]],4],[5,[[9,9],0]]]]
exploded:[[[[5,9],[0,[16,6]]],[[4,[1,2]],[[1,4],2]]],[[[5,[2,8]],4],[5,[[9,9],0]]]]
exploded:[[[[5,9],[16,0]],[[10,[1,2]],[[1,4],2]]],[[[5,[2,8]],4],[5,[[9,9],0]]]]
exploded:[[[[5,9],[16,0]],[[11,0],[[3,4],2]]],[[[5,[2,8]],4],[5,[[9,9],0]]]]
exploded:[[[[5,9],[16,0]],[[11,3],[0,6]]],[[[5,[2,8]],4],[5,[[9,9],0]]]]
exploded:[[[[5,9],[16,0]],[[11,3],[0,6]]],[[[7,0],12],[5,[[9,9],0]]]]
exploded:[[[[5,9],[16,0]],[[11,3],[0,6]]],[[[7,0],12],[14,[0,9]]]]
splitted:[[[[5,9],[[8,8],0]],[[11,3],[0,6]]],[[[7,0],12],[14,[0,9]]]]
reducing:[[[[5,9],[[8,8],0]],[[11,3],[0,6]]],[[[7,0],12],[14,[0,9]]]]
exploded:[[[[5,17],[0,8]],[[11,3],[0,6]]],[[[7,0],12],[14,[0,9]]]]
splitted:[[[[5,[8,9]],[0,8]],[[11,3],[0,6]]],[[[7,0],12],[14,[0,9]]]]
reducing:[[[[5,[8,9]],[0,8]],[[11,3],[0,6]]],[[[7,0],12],[14,[0,9]]]]
exploded:[[[[13,0],[9,8]],[[11,3],[0,6]]],[[[7,0],12],[14,[0,9]]]]
splitted:[[[[[6,7],0],[9,8]],[[11,3],[0,6]]],[[[7,0],12],[14,[0,9]]]]
reducing:[[[[[6,7],0],[9,8]],[[11,3],[0,6]]],[[[7,0],12],[14,[0,9]]]]
exploded:[[[[0,7],[9,8]],[[11,3],[0,6]]],[[[7,0],12],[14,[0,9]]]]
splitted:[[[[0,7],[9,8]],[[[5,6],3],[0,6]]],[[[7,0],12],[14,[0,9]]]]
reducing:[[[[0,7],[9,8]],[[[5,6],3],[0,6]]],[[[7,0],12],[14,[0,9]]]]
exploded:[[[[0,7],[9,13]],[[0,9],[0,6]]],[[[7,0],12],[14,[0,9]]]]
splitted:[[[[0,7],[9,[6,7]]],[[0,9],[0,6]]],[[[7,0],12],[14,[0,9]]]]
reducing:[[[[0,7],[9,[6,7]]],[[0,9],[0,6]]],[[[7,0],12],[14,[0,9]]]]
exploded:[[[[0,7],[15,0]],[[7,9],[0,6]]],[[[7,0],12],[14,[0,9]]]]
splitted:[[[[0,7],[[7,8],0]],[[7,9],[0,6]]],[[[7,0],12],[14,[0,9]]]]
reducing:[[[[0,7],[[7,8],0]],[[7,9],[0,6]]],[[[7,0],12],[14,[0,9]]]]
exploded:[[[[0,14],[0,8]],[[7,9],[0,6]]],[[[7,0],12],[14,[0,9]]]]
splitted:[[[[0,[7,7]],[0,8]],[[7,9],[0,6]]],[[[7,0],12],[14,[0,9]]]]
reducing:[[[[0,[7,7]],[0,8]],[[7,9],[0,6]]],[[[7,0],12],[14,[0,9]]]]
exploded:[[[[7,0],[7,8]],[[7,9],[0,6]]],[[[7,0],12],[14,[0,9]]]]
splitted:[[[[7,0],[7,8]],[[7,9],[0,6]]],[[[7,0],[6,6]],[14,[0,9]]]]
reducing:[[[[7,0],[7,8]],[[7,9],[0,6]]],[[[7,0],[6,6]],[14,[0,9]]]]
splitted:[[[[7,0],[7,8]],[[7,9],[0,6]]],[[[7,0],[6,6]],[[7,7],[0,9]]]]
reducing:[[[[7,0],[7,8]],[[7,9],[0,6]]],[[[7,0],[6,6]],[[7,7],[0,9]]]]
3381
[[[7,0],[7,8]],[[7,9],[0,6]]]
[6,[[[6,2],[5,6]],[[7,6],[4,7]]]]
reducing:[[[[7,0],[7,8]],[[7,9],[0,6]]],[6,[[[6,2],[5,6]],[[7,6],[4,7]]]]]
exploded:[[[[7,0],[7,8]],[[7,9],[0,6]]],[12,[[0,[7,6]],[[7,6],[4,7]]]]]
exploded:[[[[7,0],[7,8]],[[7,9],[0,6]]],[12,[[7,0],[[13,6],[4,7]]]]]
exploded:[[[[7,0],[7,8]],[[7,9],[0,6]]],[12,[[7,13],[0,[10,7]]]]]
exploded:[[[[7,0],[7,8]],[[7,9],[0,6]]],[12,[[7,13],[10,0]]]]
splitted:[[[[7,0],[7,8]],[[7,9],[0,6]]],[[6,6],[[7,13],[10,0]]]]
reducing:[[[[7,0],[7,8]],[[7,9],[0,6]]],[[6,6],[[7,13],[10,0]]]]
splitted:[[[[7,0],[7,8]],[[7,9],[0,6]]],[[6,6],[[7,[6,7]],[10,0]]]]
reducing:[[[[7,0],[7,8]],[[7,9],[0,6]]],[[6,6],[[7,[6,7]],[10,0]]]]
exploded:[[[[7,0],[7,8]],[[7,9],[0,6]]],[[6,6],[[13,0],[17,0]]]]
splitted:[[[[7,0],[7,8]],[[7,9],[0,6]]],[[6,6],[[[6,7],0],[17,0]]]]
reducing:[[[[7,0],[7,8]],[[7,9],[0,6]]],[[6,6],[[[6,7],0],[17,0]]]]
exploded:[[[[7,0],[7,8]],[[7,9],[0,6]]],[[6,12],[[0,7],[17,0]]]]
splitted:[[[[7,0],[7,8]],[[7,9],[0,6]]],[[6,[6,6]],[[0,7],[17,0]]]]
reducing:[[[[7,0],[7,8]],[[7,9],[0,6]]],[[6,[6,6]],[[0,7],[17,0]]]]
splitted:[[[[7,0],[7,8]],[[7,9],[0,6]]],[[6,[6,6]],[[0,7],[[8,9],0]]]]
reducing:[[[[7,0],[7,8]],[[7,9],[0,6]]],[[6,[6,6]],[[0,7],[[8,9],0]]]]
exploded:[[[[7,0],[7,8]],[[7,9],[0,6]]],[[6,[6,6]],[[0,15],[0,9]]]]
splitted:[[[[7,0],[7,8]],[[7,9],[0,6]]],[[6,[6,6]],[[0,[7,8]],[0,9]]]]
reducing:[[[[7,0],[7,8]],[[7,9],[0,6]]],[[6,[6,6]],[[0,[7,8]],[0,9]]]]
exploded:[[[[7,0],[7,8]],[[7,9],[0,6]]],[[6,[6,6]],[[7,0],[8,9]]]]
3135
[[[7,0],[7,8]],[[7,9],[0,6]]]
[[[6,[0,7]],[0,9]],[4,[9,[9,0]]]]
reducing:[[[[7,0],[7,8]],[[7,9],[0,6]]],[[[6,[0,7]],[0,9]],[4,[9,[9,0]]]]]
exploded:[[[[7,0],[7,8]],[[7,9],[0,6]]],[[[6,0],[7,9]],[4,[9,[9,0]]]]]
exploded:[[[[7,0],[7,8]],[[7,9],[0,6]]],[[[6,0],[7,9]],[4,[18,0]]]]
splitted:[[[[7,0],[7,8]],[[7,9],[0,6]]],[[[6,0],[7,9]],[4,[[9,9],0]]]]
reducing:[[[[7,0],[7,8]],[[7,9],[0,6]]],[[[6,0],[7,9]],[4,[[9,9],0]]]]
exploded:[[[[7,0],[7,8]],[[7,9],[0,6]]],[[[6,0],[7,9]],[13,[0,9]]]]
splitted:[[[[7,0],[7,8]],[[7,9],[0,6]]],[[[6,0],[7,9]],[[6,7],[0,9]]]]
reducing:[[[[7,0],[7,8]],[[7,9],[0,6]]],[[[6,0],[7,9]],[[6,7],[0,9]]]]
3399
[[[7,0],[7,8]],[[7,9],[0,6]]]
[[[7,[6,4]],[3,[1,3]]],[[[5,5],1],9]]
reducing:[[[[7,0],[7,8]],[[7,9],[0,6]]],[[[7,[6,4]],[3,[1,3]]],[[[5,5],1],9]]]
exploded:[[[[7,0],[7,8]],[[7,9],[0,6]]],[[[13,0],[7,[1,3]]],[[[5,5],1],9]]]
exploded:[[[[7,0],[7,8]],[[7,9],[0,6]]],[[[13,0],[8,0]],[[[8,5],1],9]]]
exploded:[[[[7,0],[7,8]],[[7,9],[0,6]]],[[[13,0],[8,8]],[[0,6],9]]]
splitted:[[[[7,0],[7,8]],[[7,9],[0,6]]],[[[[6,7],0],[8,8]],[[0,6],9]]]
reducing:[[[[7,0],[7,8]],[[7,9],[0,6]]],[[[[6,7],0],[8,8]],[[0,6],9]]]
exploded:[[[[7,0],[7,8]],[[7,9],[0,12]]],[[[0,7],[8,8]],[[0,6],9]]]
splitted:[[[[7,0],[7,8]],[[7,9],[0,[6,6]]]],[[[0,7],[8,8]],[[0,6],9]]]
reducing:[[[[7,0],[7,8]],[[7,9],[0,[6,6]]]],[[[0,7],[8,8]],[[0,6],9]]]
exploded:[[[[7,0],[7,8]],[[7,9],[6,0]]],[[[6,7],[8,8]],[[0,6],9]]]
3423
[[[7,0],[7,8]],[[7,9],[6,0]]]
[[6,[[7,3],[3,2]]],[[[3,8],[5,7]],4]]
reducing:[[[[7,0],[7,8]],[[7,9],[6,0]]],[[6,[[7,3],[3,2]]],[[[3,8],[5,7]],4]]]
exploded:[[[[7,0],[7,8]],[[7,9],[6,0]]],[[13,[0,[6,2]]],[[[3,8],[5,7]],4]]]
exploded:[[[[7,0],[7,8]],[[7,9],[6,0]]],[[13,[6,0]],[[[5,8],[5,7]],4]]]
exploded:[[[[7,0],[7,8]],[[7,9],[6,0]]],[[13,[6,5]],[[0,[13,7]],4]]]
exploded:[[[[7,0],[7,8]],[[7,9],[6,0]]],[[13,[6,5]],[[13,0],11]]]
splitted:[[[[7,0],[7,8]],[[7,9],[6,0]]],[[[6,7],[6,5]],[[13,0],11]]]
reducing:[[[[7,0],[7,8]],[[7,9],[6,0]]],[[[6,7],[6,5]],[[13,0],11]]]
splitted:[[[[7,0],[7,8]],[[7,9],[6,0]]],[[[6,7],[6,5]],[[[6,7],0],11]]]
reducing:[[[[7,0],[7,8]],[[7,9],[6,0]]],[[[6,7],[6,5]],[[[6,7],0],11]]]
exploded:[[[[7,0],[7,8]],[[7,9],[6,0]]],[[[6,7],[6,11]],[[0,7],11]]]
splitted:[[[[7,0],[7,8]],[[7,9],[6,0]]],[[[6,7],[6,[5,6]]],[[0,7],11]]]
reducing:[[[[7,0],[7,8]],[[7,9],[6,0]]],[[[6,7],[6,[5,6]]],[[0,7],11]]]
exploded:[[[[7,0],[7,8]],[[7,9],[6,0]]],[[[6,7],[11,0]],[[6,7],11]]]
splitted:[[[[7,0],[7,8]],[[7,9],[6,0]]],[[[6,7],[[5,6],0]],[[6,7],11]]]
reducing:[[[[7,0],[7,8]],[[7,9],[6,0]]],[[[6,7],[[5,6],0]],[[6,7],11]]]
exploded:[[[[7,0],[7,8]],[[7,9],[6,0]]],[[[6,12],[0,6]],[[6,7],11]]]
splitted:[[[[7,0],[7,8]],[[7,9],[6,0]]],[[[6,[6,6]],[0,6]],[[6,7],11]]]
reducing:[[[[7,0],[7,8]],[[7,9],[6,0]]],[[[6,[6,6]],[0,6]],[[6,7],11]]]
exploded:[[[[7,0],[7,8]],[[7,9],[6,0]]],[[[12,0],[6,6]],[[6,7],11]]]
splitted:[[[[7,0],[7,8]],[[7,9],[6,0]]],[[[[6,6],0],[6,6]],[[6,7],11]]]
reducing:[[[[7,0],[7,8]],[[7,9],[6,0]]],[[[[6,6],0],[6,6]],[[6,7],11]]]
exploded:[[[[7,0],[7,8]],[[7,9],[6,6]]],[[[0,6],[6,6]],[[6,7],11]]]
splitted:[[[[7,0],[7,8]],[[7,9],[6,6]]],[[[0,6],[6,6]],[[6,7],[5,6]]]]
reducing:[[[[7,0],[7,8]],[[7,9],[6,6]]],[[[0,6],[6,6]],[[6,7],[5,6]]]]
3471
[[[7,0],[7,8]],[[7,9],[6,6]]]
[[[[5,4],[7,7]],8],[[8,3],8]]
reducing:[[[[7,0],[7,8]],[[7,9],[6,6]]],[[[[5,4],[7,7]],8],[[8,3],8]]]
exploded:[[[[7,0],[7,8]],[[7,9],[6,11]]],[[[0,[11,7]],8],[[8,3],8]]]
exploded:[[[[7,0],[7,8]],[[7,9],[6,11]]],[[[11,0],15],[[8,3],8]]]
splitted:[[[[7,0],[7,8]],[[7,9],[6,[5,6]]]],[[[11,0],15],[[8,3],8]]]
reducing:[[[[7,0],[7,8]],[[7,9],[6,[5,6]]]],[[[11,0],15],[[8,3],8]]]
exploded:[[[[7,0],[7,8]],[[7,9],[11,0]]],[[[17,0],15],[[8,3],8]]]
splitted:[[[[7,0],[7,8]],[[7,9],[[5,6],0]]],[[[17,0],15],[[8,3],8]]]
reducing:[[[[7,0],[7,8]],[[7,9],[[5,6],0]]],[[[17,0],15],[[8,3],8]]]
exploded:[[[[7,0],[7,8]],[[7,14],[0,6]]],[[[17,0],15],[[8,3],8]]]
splitted:[[[[7,0],[7,8]],[[7,[7,7]],[0,6]]],[[[17,0],15],[[8,3],8]]]
reducing:[[[[7,0],[7,8]],[[7,[7,7]],[0,6]]],[[[17,0],15],[[8,3],8]]]
exploded:[[[[7,0],[7,8]],[[14,0],[7,6]]],[[[17,0],15],[[8,3],8]]]
splitted:[[[[7,0],[7,8]],[[[7,7],0],[7,6]]],[[[17,0],15],[[8,3],8]]]
reducing:[[[[7,0],[7,8]],[[[7,7],0],[7,6]]],[[[17,0],15],[[8,3],8]]]
exploded:[[[[7,0],[7,15]],[[0,7],[7,6]]],[[[17,0],15],[[8,3],8]]]
splitted:[[[[7,0],[7,[7,8]]],[[0,7],[7,6]]],[[[17,0],15],[[8,3],8]]]
reducing:[[[[7,0],[7,[7,8]]],[[0,7],[7,6]]],[[[17,0],15],[[8,3],8]]]
exploded:[[[[7,0],[14,0]],[[8,7],[7,6]]],[[[17,0],15],[[8,3],8]]]
splitted:[[[[7,0],[[7,7],0]],[[8,7],[7,6]]],[[[17,0],15],[[8,3],8]]]
reducing:[[[[7,0],[[7,7],0]],[[8,7],[7,6]]],[[[17,0],15],[[8,3],8]]]
exploded:[[[[7,7],[0,7]],[[8,7],[7,6]]],[[[17,0],15],[[8,3],8]]]
splitted:[[[[7,7],[0,7]],[[8,7],[7,6]]],[[[[8,9],0],15],[[8,3],8]]]
reducing:[[[[7,7],[0,7]],[[8,7],[7,6]]],[[[[8,9],0],15],[[8,3],8]]]
exploded:[[[[7,7],[0,7]],[[8,7],[7,14]]],[[[0,9],15],[[8,3],8]]]
splitted:[[[[7,7],[0,7]],[[8,7],[7,[7,7]]]],[[[0,9],15],[[8,3],8]]]
reducing:[[[[7,7],[0,7]],[[8,7],[7,[7,7]]]],[[[0,9],15],[[8,3],8]]]
exploded:[[[[7,7],[0,7]],[[8,7],[14,0]]],[[[7,9],15],[[8,3],8]]]
splitted:[[[[7,7],[0,7]],[[8,7],[[7,7],0]]],[[[7,9],15],[[8,3],8]]]
reducing:[[[[7,7],[0,7]],[[8,7],[[7,7],0]]],[[[7,9],15],[[8,3],8]]]
exploded:[[[[7,7],[0,7]],[[8,14],[0,7]]],[[[7,9],15],[[8,3],8]]]
splitted:[[[[7,7],[0,7]],[[8,[7,7]],[0,7]]],[[[7,9],15],[[8,3],8]]]
reducing:[[[[7,7],[0,7]],[[8,[7,7]],[0,7]]],[[[7,9],15],[[8,3],8]]]
exploded:[[[[7,7],[0,7]],[[15,0],[7,7]]],[[[7,9],15],[[8,3],8]]]
splitted:[[[[7,7],[0,7]],[[[7,8],0],[7,7]]],[[[7,9],15],[[8,3],8]]]
reducing:[[[[7,7],[0,7]],[[[7,8],0],[7,7]]],[[[7,9],15],[[8,3],8]]]
exploded:[[[[7,7],[0,14]],[[0,8],[7,7]]],[[[7,9],15],[[8,3],8]]]
splitted:[[[[7,7],[0,[7,7]]],[[0,8],[7,7]]],[[[7,9],15],[[8,3],8]]]
reducing:[[[[7,7],[0,[7,7]]],[[0,8],[7,7]]],[[[7,9],15],[[8,3],8]]]
exploded:[[[[7,7],[7,0]],[[7,8],[7,7]]],[[[7,9],15],[[8,3],8]]]
splitted:[[[[7,7],[7,0]],[[7,8],[7,7]]],[[[7,9],[7,8]],[[8,3],8]]]
reducing:[[[[7,7],[7,0]],[[7,8],[7,7]]],[[[7,9],[7,8]],[[8,3],8]]]
3979
[[[7,7],[7,0]],[[7,8],[7,7]]]
[[9,3],[[9,9],[6,[4,9]]]]
reducing:[[[[7,7],[7,0]],[[7,8],[7,7]]],[[9,3],[[9,9],[6,[4,9]]]]]
exploded:[[[[7,7],[7,0]],[[7,8],[7,7]]],[[9,3],[[9,9],[10,0]]]]
splitted:[[[[7,7],[7,0]],[[7,8],[7,7]]],[[9,3],[[9,9],[[5,5],0]]]]
reducing:[[[[7,7],[7,0]],[[7,8],[7,7]]],[[9,3],[[9,9],[[5,5],0]]]]
exploded:[[[[7,7],[7,0]],[[7,8],[7,7]]],[[9,3],[[9,14],[0,5]]]]
splitted:[[[[7,7],[7,0]],[[7,8],[7,7]]],[[9,3],[[9,[7,7]],[0,5]]]]
reducing:[[[[7,7],[7,0]],[[7,8],[7,7]]],[[9,3],[[9,[7,7]],[0,5]]]]
exploded:[[[[7,7],[7,0]],[[7,8],[7,7]]],[[9,3],[[16,0],[7,5]]]]
splitted:[[[[7,7],[7,0]],[[7,8],[7,7]]],[[9,3],[[[8,8],0],[7,5]]]]
reducing:[[[[7,7],[7,0]],[[7,8],[7,7]]],[[9,3],[[[8,8],0],[7,5]]]]
exploded:[[[[7,7],[7,0]],[[7,8],[7,7]]],[[9,11],[[0,8],[7,5]]]]
splitted:[[[[7,7],[7,0]],[[7,8],[7,7]]],[[9,[5,6]],[[0,8],[7,5]]]]
reducing:[[[[7,7],[7,0]],[[7,8],[7,7]]],[[9,[5,6]],[[0,8],[7,5]]]]
3335
[[[7,7],[7,0]],[[7,8],[7,7]]]
[[2,[[7,7],7]],[[5,8],[[9,3],[0,2]]]]
reducing:[[[[7,7],[7,0]],[[7,8],[7,7]]],[[2,[[7,7],7]],[[5,8],[[9,3],[0,2]]]]]
exploded:[[[[7,7],[7,0]],[[7,8],[7,7]]],[[9,[0,14]],[[5,8],[[9,3],[0,2]]]]]
exploded:[[[[7,7],[7,0]],[[7,8],[7,7]]],[[9,[0,14]],[[5,17],[0,[3,2]]]]]
exploded:[[[[7,7],[7,0]],[[7,8],[7,7]]],[[9,[0,14]],[[5,17],[3,0]]]]
splitted:[[[[7,7],[7,0]],[[7,8],[7,7]]],[[9,[0,[7,7]]],[[5,17],[3,0]]]]
reducing:[[[[7,7],[7,0]],[[7,8],[7,7]]],[[9,[0,[7,7]]],[[5,17],[3,0]]]]
exploded:[[[[7,7],[7,0]],[[7,8],[7,7]]],[[9,[7,0]],[[12,17],[3,0]]]]
splitted:[[[[7,7],[7,0]],[[7,8],[7,7]]],[[9,[7,0]],[[[6,6],17],[3,0]]]]
reducing:[[[[7,7],[7,0]],[[7,8],[7,7]]],[[9,[7,0]],[[[6,6],17],[3,0]]]]
exploded:[[[[7,7],[7,0]],[[7,8],[7,7]]],[[9,[7,6]],[[0,23],[3,0]]]]
splitted:[[[[7,7],[7,0]],[[7,8],[7,7]]],[[9,[7,6]],[[0,[11,12]],[3,0]]]]
reducing:[[[[7,7],[7,0]],[[7,8],[7,7]]],[[9,[7,6]],[[0,[11,12]],[3,0]]]]
exploded:[[[[7,7],[7,0]],[[7,8],[7,7]]],[[9,[7,6]],[[11,0],[15,0]]]]
splitted:[[[[7,7],[7,0]],[[7,8],[7,7]]],[[9,[7,6]],[[[5,6],0],[15,0]]]]
reducing:[[[[7,7],[7,0]],[[7,8],[7,7]]],[[9,[7,6]],[[[5,6],0],[15,0]]]]
exploded:[[[[7,7],[7,0]],[[7,8],[7,7]]],[[9,[7,11]],[[0,6],[15,0]]]]
splitted:[[[[7,7],[7,0]],[[7,8],[7,7]]],[[9,[7,[5,6]]],[[0,6],[15,0]]]]
reducing:[[[[7,7],[7,0]],[[7,8],[7,7]]],[[9,[7,[5,6]]],[[0,6],[15,0]]]]
exploded:[[[[7,7],[7,0]],[[7,8],[7,7]]],[[9,[12,0]],[[6,6],[15,0]]]]
splitted:[[[[7,7],[7,0]],[[7,8],[7,7]]],[[9,[[6,6],0]],[[6,6],[15,0]]]]
reducing:[[[[7,7],[7,0]],[[7,8],[7,7]]],[[9,[[6,6],0]],[[6,6],[15,0]]]]
exploded:[[[[7,7],[7,0]],[[7,8],[7,7]]],[[15,[0,6]],[[6,6],[15,0]]]]
splitted:[[[[7,7],[7,0]],[[7,8],[7,7]]],[[[7,8],[0,6]],[[6,6],[15,0]]]]
reducing:[[[[7,7],[7,0]],[[7,8],[7,7]]],[[[7,8],[0,6]],[[6,6],[15,0]]]]
splitted:[[[[7,7],[7,0]],[[7,8],[7,7]]],[[[7,8],[0,6]],[[6,6],[[7,8],0]]]]
reducing:[[[[7,7],[7,0]],[[7,8],[7,7]]],[[[7,8],[0,6]],[[6,6],[[7,8],0]]]]
exploded:[[[[7,7],[7,0]],[[7,8],[7,7]]],[[[7,8],[0,6]],[[6,13],[0,8]]]]
splitted:[[[[7,7],[7,0]],[[7,8],[7,7]]],[[[7,8],[0,6]],[[6,[6,7]],[0,8]]]]
reducing:[[[[7,7],[7,0]],[[7,8],[7,7]]],[[[7,8],[0,6]],[[6,[6,7]],[0,8]]]]
exploded:[[[[7,7],[7,0]],[[7,8],[7,7]]],[[[7,8],[0,6]],[[12,0],[7,8]]]]
splitted:[[[[7,7],[7,0]],[[7,8],[7,7]]],[[[7,8],[0,6]],[[[6,6],0],[7,8]]]]
reducing:[[[[7,7],[7,0]],[[7,8],[7,7]]],[[[7,8],[0,6]],[[[6,6],0],[7,8]]]]
exploded:[[[[7,7],[7,0]],[[7,8],[7,7]]],[[[7,8],[0,12]],[[0,6],[7,8]]]]
splitted:[[[[7,7],[7,0]],[[7,8],[7,7]]],[[[7,8],[0,[6,6]]],[[0,6],[7,8]]]]
reducing:[[[[7,7],[7,0]],[[7,8],[7,7]]],[[[7,8],[0,[6,6]]],[[0,6],[7,8]]]]
exploded:[[[[7,7],[7,0]],[[7,8],[7,7]]],[[[7,8],[6,0]],[[6,6],[7,8]]]]
3947
[[[7,7],[7,0]],[[7,8],[7,7]]]
[[[[5,2],5],[8,[3,7]]],[[5,[7,5]],[4,4]]]
reducing:[[[[7,7],[7,0]],[[7,8],[7,7]]],[[[[5,2],5],[8,[3,7]]],[[5,[7,5]],[4,4]]]]
exploded:[[[[7,7],[7,0]],[[7,8],[7,12]]],[[[0,7],[8,[3,7]]],[[5,[7,5]],[4,4]]]]
exploded:[[[[7,7],[7,0]],[[7,8],[7,12]]],[[[0,7],[11,0]],[[12,[7,5]],[4,4]]]]
exploded:[[[[7,7],[7,0]],[[7,8],[7,12]]],[[[0,7],[11,0]],[[19,0],[9,4]]]]
splitted:[[[[7,7],[7,0]],[[7,8],[7,[6,6]]]],[[[0,7],[11,0]],[[19,0],[9,4]]]]
reducing:[[[[7,7],[7,0]],[[7,8],[7,[6,6]]]],[[[0,7],[11,0]],[[19,0],[9,4]]]]
exploded:[[[[7,7],[7,0]],[[7,8],[13,0]]],[[[6,7],[11,0]],[[19,0],[9,4]]]]
splitted:[[[[7,7],[7,0]],[[7,8],[[6,7],0]]],[[[6,7],[11,0]],[[19,0],[9,4]]]]
reducing:[[[[7,7],[7,0]],[[7,8],[[6,7],0]]],[[[6,7],[11,0]],[[19,0],[9,4]]]]
exploded:[[[[7,7],[7,0]],[[7,14],[0,7]]],[[[6,7],[11,0]],[[19,0],[9,4]]]]
splitted:[[[[7,7],[7,0]],[[7,[7,7]],[0,7]]],[[[6,7],[11,0]],[[19,0],[9,4]]]]
reducing:[[[[7,7],[7,0]],[[7,[7,7]],[0,7]]],[[[6,7],[11,0]],[[19,0],[9,4]]]]
exploded:[[[[7,7],[7,0]],[[14,0],[7,7]]],[[[6,7],[11,0]],[[19,0],[9,4]]]]
splitted:[[[[7,7],[7,0]],[[[7,7],0],[7,7]]],[[[6,7],[11,0]],[[19,0],[9,4]]]]
reducing:[[[[7,7],[7,0]],[[[7,7],0],[7,7]]],[[[6,7],[11,0]],[[19,0],[9,4]]]]
exploded:[[[[7,7],[7,7]],[[0,7],[7,7]]],[[[6,7],[11,0]],[[19,0],[9,4]]]]
splitted:[[[[7,7],[7,7]],[[0,7],[7,7]]],[[[6,7],[[5,6],0]],[[19,0],[9,4]]]]
reducing:[[[[7,7],[7,7]],[[0,7],[7,7]]],[[[6,7],[[5,6],0]],[[19,0],[9,4]]]]
exploded:[[[[7,7],[7,7]],[[0,7],[7,7]]],[[[6,12],[0,6]],[[19,0],[9,4]]]]
splitted:[[[[7,7],[7,7]],[[0,7],[7,7]]],[[[6,[6,6]],[0,6]],[[19,0],[9,4]]]]
reducing:[[[[7,7],[7,7]],[[0,7],[7,7]]],[[[6,[6,6]],[0,6]],[[19,0],[9,4]]]]
exploded:[[[[7,7],[7,7]],[[0,7],[7,7]]],[[[12,0],[6,6]],[[19,0],[9,4]]]]
splitted:[[[[7,7],[7,7]],[[0,7],[7,7]]],[[[[6,6],0],[6,6]],[[19,0],[9,4]]]]
reducing:[[[[7,7],[7,7]],[[0,7],[7,7]]],[[[[6,6],0],[6,6]],[[19,0],[9,4]]]]
exploded:[[[[7,7],[7,7]],[[0,7],[7,13]]],[[[0,6],[6,6]],[[19,0],[9,4]]]]
splitted:[[[[7,7],[7,7]],[[0,7],[7,[6,7]]]],[[[0,6],[6,6]],[[19,0],[9,4]]]]
reducing:[[[[7,7],[7,7]],[[0,7],[7,[6,7]]]],[[[0,6],[6,6]],[[19,0],[9,4]]]]
exploded:[[[[7,7],[7,7]],[[0,7],[13,0]]],[[[7,6],[6,6]],[[19,0],[9,4]]]]
splitted:[[[[7,7],[7,7]],[[0,7],[[6,7],0]]],[[[7,6],[6,6]],[[19,0],[9,4]]]]
reducing:[[[[7,7],[7,7]],[[0,7],[[6,7],0]]],[[[7,6],[6,6]],[[19,0],[9,4]]]]
exploded:[[[[7,7],[7,7]],[[0,13],[0,7]]],[[[7,6],[6,6]],[[19,0],[9,4]]]]
splitted:[[[[7,7],[7,7]],[[0,[6,7]],[0,7]]],[[[7,6],[6,6]],[[19,0],[9,4]]]]
reducing:[[[[7,7],[7,7]],[[0,[6,7]],[0,7]]],[[[7,6],[6,6]],[[19,0],[9,4]]]]
exploded:[[[[7,7],[7,7]],[[6,0],[7,7]]],[[[7,6],[6,6]],[[19,0],[9,4]]]]
splitted:[[[[7,7],[7,7]],[[6,0],[7,7]]],[[[7,6],[6,6]],[[[9,10],0],[9,4]]]]
reducing:[[[[7,7],[7,7]],[[6,0],[7,7]]],[[[7,6],[6,6]],[[[9,10],0],[9,4]]]]
exploded:[[[[7,7],[7,7]],[[6,0],[7,7]]],[[[7,6],[6,15]],[[0,10],[9,4]]]]
splitted:[[[[7,7],[7,7]],[[6,0],[7,7]]],[[[7,6],[6,[7,8]]],[[0,10],[9,4]]]]
reducing:[[[[7,7],[7,7]],[[6,0],[7,7]]],[[[7,6],[6,[7,8]]],[[0,10],[9,4]]]]
exploded:[[[[7,7],[7,7]],[[6,0],[7,7]]],[[[7,6],[13,0]],[[8,10],[9,4]]]]
splitted:[[[[7,7],[7,7]],[[6,0],[7,7]]],[[[7,6],[[6,7],0]],[[8,10],[9,4]]]]
reducing:[[[[7,7],[7,7]],[[6,0],[7,7]]],[[[7,6],[[6,7],0]],[[8,10],[9,4]]]]
exploded:[[[[7,7],[7,7]],[[6,0],[7,7]]],[[[7,12],[0,7]],[[8,10],[9,4]]]]
splitted:[[[[7,7],[7,7]],[[6,0],[7,7]]],[[[7,[6,6]],[0,7]],[[8,10],[9,4]]]]
reducing:[[[[7,7],[7,7]],[[6,0],[7,7]]],[[[7,[6,6]],[0,7]],[[8,10],[9,4]]]]
exploded:[[[[7,7],[7,7]],[[6,0],[7,7]]],[[[13,0],[6,7]],[[8,10],[9,4]]]]
splitted:[[[[7,7],[7,7]],[[6,0],[7,7]]],[[[[6,7],0],[6,7]],[[8,10],[9,4]]]]
reducing:[[[[7,7],[7,7]],[[6,0],[7,7]]],[[[[6,7],0],[6,7]],[[8,10],[9,4]]]]
exploded:[[[[7,7],[7,7]],[[6,0],[7,13]]],[[[0,7],[6,7]],[[8,10],[9,4]]]]
splitted:[[[[7,7],[7,7]],[[6,0],[7,[6,7]]]],[[[0,7],[6,7]],[[8,10],[9,4]]]]
reducing:[[[[7,7],[7,7]],[[6,0],[7,[6,7]]]],[[[0,7],[6,7]],[[8,10],[9,4]]]]
exploded:[[[[7,7],[7,7]],[[6,0],[13,0]]],[[[7,7],[6,7]],[[8,10],[9,4]]]]
splitted:[[[[7,7],[7,7]],[[6,0],[[6,7],0]]],[[[7,7],[6,7]],[[8,10],[9,4]]]]
reducing:[[[[7,7],[7,7]],[[6,0],[[6,7],0]]],[[[7,7],[6,7]],[[8,10],[9,4]]]]
exploded:[[[[7,7],[7,7]],[[6,6],[0,7]]],[[[7,7],[6,7]],[[8,10],[9,4]]]]
splitted:[[[[7,7],[7,7]],[[6,6],[0,7]]],[[[7,7],[6,7]],[[8,[5,5]],[9,4]]]]
reducing:[[[[7,7],[7,7]],[[6,6],[0,7]]],[[[7,7],[6,7]],[[8,[5,5]],[9,4]]]]
exploded:[[[[7,7],[7,7]],[[6,6],[0,7]]],[[[7,7],[6,7]],[[13,0],[14,4]]]]
splitted:[[[[7,7],[7,7]],[[6,6],[0,7]]],[[[7,7],[6,7]],[[[6,7],0],[14,4]]]]
reducing:[[[[7,7],[7,7]],[[6,6],[0,7]]],[[[7,7],[6,7]],[[[6,7],0],[14,4]]]]
exploded:[[[[7,7],[7,7]],[[6,6],[0,7]]],[[[7,7],[6,13]],[[0,7],[14,4]]]]
splitted:[[[[7,7],[7,7]],[[6,6],[0,7]]],[[[7,7],[6,[6,7]]],[[0,7],[14,4]]]]
reducing:[[[[7,7],[7,7]],[[6,6],[0,7]]],[[[7,7],[6,[6,7]]],[[0,7],[14,4]]]]
exploded:[[[[7,7],[7,7]],[[6,6],[0,7]]],[[[7,7],[12,0]],[[7,7],[14,4]]]]
splitted:[[[[7,7],[7,7]],[[6,6],[0,7]]],[[[7,7],[[6,6],0]],[[7,7],[14,4]]]]
reducing:[[[[7,7],[7,7]],[[6,6],[0,7]]],[[[7,7],[[6,6],0]],[[7,7],[14,4]]]]
exploded:[[[[7,7],[7,7]],[[6,6],[0,7]]],[[[7,13],[0,6]],[[7,7],[14,4]]]]
splitted:[[[[7,7],[7,7]],[[6,6],[0,7]]],[[[7,[6,7]],[0,6]],[[7,7],[14,4]]]]
reducing:[[[[7,7],[7,7]],[[6,6],[0,7]]],[[[7,[6,7]],[0,6]],[[7,7],[14,4]]]]
exploded:[[[[7,7],[7,7]],[[6,6],[0,7]]],[[[13,0],[7,6]],[[7,7],[14,4]]]]
splitted:[[[[7,7],[7,7]],[[6,6],[0,7]]],[[[[6,7],0],[7,6]],[[7,7],[14,4]]]]
reducing:[[[[7,7],[7,7]],[[6,6],[0,7]]],[[[[6,7],0],[7,6]],[[7,7],[14,4]]]]
exploded:[[[[7,7],[7,7]],[[6,6],[0,13]]],[[[0,7],[7,6]],[[7,7],[14,4]]]]
splitted:[[[[7,7],[7,7]],[[6,6],[0,[6,7]]]],[[[0,7],[7,6]],[[7,7],[14,4]]]]
reducing:[[[[7,7],[7,7]],[[6,6],[0,[6,7]]]],[[[0,7],[7,6]],[[7,7],[14,4]]]]
exploded:[[[[7,7],[7,7]],[[6,6],[6,0]]],[[[7,7],[7,6]],[[7,7],[14,4]]]]
splitted:[[[[7,7],[7,7]],[[6,6],[6,0]]],[[[7,7],[7,6]],[[7,7],[[7,7],4]]]]
reducing:[[[[7,7],[7,7]],[[6,6],[6,0]]],[[[7,7],[7,6]],[[7,7],[[7,7],4]]]]
exploded:[[[[7,7],[7,7]],[[6,6],[6,0]]],[[[7,7],[7,6]],[[7,14],[0,11]]]]
splitted:[[[[7,7],[7,7]],[[6,6],[6,0]]],[[[7,7],[7,6]],[[7,[7,7]],[0,11]]]]
reducing:[[[[7,7],[7,7]],[[6,6],[6,0]]],[[[7,7],[7,6]],[[7,[7,7]],[0,11]]]]
exploded:[[[[7,7],[7,7]],[[6,6],[6,0]]],[[[7,7],[7,6]],[[14,0],[7,11]]]]
splitted:[[[[7,7],[7,7]],[[6,6],[6,0]]],[[[7,7],[7,6]],[[[7,7],0],[7,11]]]]
reducing:[[[[7,7],[7,7]],[[6,6],[6,0]]],[[[7,7],[7,6]],[[[7,7],0],[7,11]]]]
exploded:[[[[7,7],[7,7]],[[6,6],[6,0]]],[[[7,7],[7,13]],[[0,7],[7,11]]]]
splitted:[[[[7,7],[7,7]],[[6,6],[6,0]]],[[[7,7],[7,[6,7]]],[[0,7],[7,11]]]]
reducing:[[[[7,7],[7,7]],[[6,6],[6,0]]],[[[7,7],[7,[6,7]]],[[0,7],[7,11]]]]
exploded:[[[[7,7],[7,7]],[[6,6],[6,0]]],[[[7,7],[13,0]],[[7,7],[7,11]]]]
splitted:[[[[7,7],[7,7]],[[6,6],[6,0]]],[[[7,7],[[6,7],0]],[[7,7],[7,11]]]]
reducing:[[[[7,7],[7,7]],[[6,6],[6,0]]],[[[7,7],[[6,7],0]],[[7,7],[7,11]]]]
exploded:[[[[7,7],[7,7]],[[6,6],[6,0]]],[[[7,13],[0,7]],[[7,7],[7,11]]]]
splitted:[[[[7,7],[7,7]],[[6,6],[6,0]]],[[[7,[6,7]],[0,7]],[[7,7],[7,11]]]]
reducing:[[[[7,7],[7,7]],[[6,6],[6,0]]],[[[7,[6,7]],[0,7]],[[7,7],[7,11]]]]
exploded:[[[[7,7],[7,7]],[[6,6],[6,0]]],[[[13,0],[7,7]],[[7,7],[7,11]]]]
splitted:[[[[7,7],[7,7]],[[6,6],[6,0]]],[[[[6,7],0],[7,7]],[[7,7],[7,11]]]]
reducing:[[[[7,7],[7,7]],[[6,6],[6,0]]],[[[[6,7],0],[7,7]],[[7,7],[7,11]]]]
exploded:[[[[7,7],[7,7]],[[6,6],[6,6]]],[[[0,7],[7,7]],[[7,7],[7,11]]]]
splitted:[[[[7,7],[7,7]],[[6,6],[6,6]]],[[[0,7],[7,7]],[[7,7],[7,[5,6]]]]]
reducing:[[[[7,7],[7,7]],[[6,6],[6,6]]],[[[0,7],[7,7]],[[7,7],[7,[5,6]]]]]
exploded:[[[[7,7],[7,7]],[[6,6],[6,6]]],[[[0,7],[7,7]],[[7,7],[12,0]]]]
splitted:[[[[7,7],[7,7]],[[6,6],[6,6]]],[[[0,7],[7,7]],[[7,7],[[6,6],0]]]]
reducing:[[[[7,7],[7,7]],[[6,6],[6,6]]],[[[0,7],[7,7]],[[7,7],[[6,6],0]]]]
exploded:[[[[7,7],[7,7]],[[6,6],[6,6]]],[[[0,7],[7,7]],[[7,13],[0,6]]]]
splitted:[[[[7,7],[7,7]],[[6,6],[6,6]]],[[[0,7],[7,7]],[[7,[6,7]],[0,6]]]]
reducing:[[[[7,7],[7,7]],[[6,6],[6,6]]],[[[0,7],[7,7]],[[7,[6,7]],[0,6]]]]
exploded:[[[[7,7],[7,7]],[[6,6],[6,6]]],[[[0,7],[7,7]],[[13,0],[7,6]]]]
splitted:[[[[7,7],[7,7]],[[6,6],[6,6]]],[[[0,7],[7,7]],[[[6,7],0],[7,6]]]]
reducing:[[[[7,7],[7,7]],[[6,6],[6,6]]],[[[0,7],[7,7]],[[[6,7],0],[7,6]]]]
exploded:[[[[7,7],[7,7]],[[6,6],[6,6]]],[[[0,7],[7,13]],[[0,7],[7,6]]]]
splitted:[[[[7,7],[7,7]],[[6,6],[6,6]]],[[[0,7],[7,[6,7]]],[[0,7],[7,6]]]]
reducing:[[[[7,7],[7,7]],[[6,6],[6,6]]],[[[0,7],[7,[6,7]]],[[0,7],[7,6]]]]
exploded:[[[[7,7],[7,7]],[[6,6],[6,6]]],[[[0,7],[13,0]],[[7,7],[7,6]]]]
splitted:[[[[7,7],[7,7]],[[6,6],[6,6]]],[[[0,7],[[6,7],0]],[[7,7],[7,6]]]]
reducing:[[[[7,7],[7,7]],[[6,6],[6,6]]],[[[0,7],[[6,7],0]],[[7,7],[7,6]]]]
exploded:[[[[7,7],[7,7]],[[6,6],[6,6]]],[[[0,13],[0,7]],[[7,7],[7,6]]]]
splitted:[[[[7,7],[7,7]],[[6,6],[6,6]]],[[[0,[6,7]],[0,7]],[[7,7],[7,6]]]]
reducing:[[[[7,7],[7,7]],[[6,6],[6,6]]],[[[0,[6,7]],[0,7]],[[7,7],[7,6]]]]
exploded:[[[[7,7],[7,7]],[[6,6],[6,6]]],[[[6,0],[7,7]],[[7,7],[7,6]]]]
3903
[[[7,0],[6,6]],[[7,7],[0,9]]]
[[[7,7],[7,7]],[[6,6],[6,6]]]
reducing:[[[[7,0],[6,6]],[[7,7],[0,9]]],[[[7,7],[7,7]],[[6,6],[6,6]]]]
3603
[[[7,0],[6,6]],[[7,7],[0,9]]]
[[[7,0],[6,6]],[[7,7],[0,9]]]
[[[7,0],[6,6]],[[7,7],[0,9]]]
[[6,[6,6]],[[7,0],[8,9]]]
reducing:[[[[7,0],[6,6]],[[7,7],[0,9]]],[[6,[6,6]],[[7,0],[8,9]]]]
3009
[[[7,0],[6,6]],[[7,7],[0,9]]]
[[[6,0],[7,9]],[[6,7],[0,9]]]
reducing:[[[[7,0],[6,6]],[[7,7],[0,9]]],[[[6,0],[7,9]],[[6,7],[0,9]]]]
3273
[[[7,0],[6,6]],[[7,7],[0,9]]]
[[[6,7],[8,8]],[[0,6],9]]
reducing:[[[[7,0],[6,6]],[[7,7],[0,9]]],[[[6,7],[8,8]],[[0,6],9]]]
3225
[[[7,0],[6,6]],[[7,7],[0,9]]]
[[[0,6],[6,6]],[[6,7],[5,6]]]
reducing:[[[[7,0],[6,6]],[[7,7],[0,9]]],[[[0,6],[6,6]],[[6,7],[5,6]]]]
3129
[[[7,0],[6,6]],[[7,7],[0,9]]]
[[[7,9],[7,8]],[[8,3],8]]
reducing:[[[[7,0],[6,6]],[[7,7],[0,9]]],[[[7,9],[7,8]],[[8,3],8]]]
3523
[[[7,0],[6,6]],[[7,7],[0,9]]]
[[9,[5,6]],[[0,8],[7,5]]]
reducing:[[[[7,0],[6,6]],[[7,7],[0,9]]],[[9,[5,6]],[[0,8],[7,5]]]]
2879
[[[7,0],[6,6]],[[7,7],[0,9]]]
[[[7,8],[6,0]],[[6,6],[7,8]]]
reducing:[[[[7,0],[6,6]],[[7,7],[0,9]]],[[[7,8],[6,0]],[[6,6],[7,8]]]]
3491
[[[7,0],[6,6]],[[7,7],[0,9]]]
[[[6,0],[7,7]],[[7,7],[7,6]]]
reducing:[[[[7,0],[6,6]],[[7,7],[0,9]]],[[[6,0],[7,7]],[[7,7],[7,6]]]]
3381
[[6,[6,6]],[[7,0],[8,9]]]
[[[7,7],[7,7]],[[6,6],[6,6]]]
reducing:[[[6,[6,6]],[[7,0],[8,9]]],[[[7,7],[7,7]],[[6,6],[6,6]]]]
3234
[[6,[6,6]],[[7,0],[8,9]]]
[[[7,0],[6,6]],[[7,7],[0,9]]]
reducing:[[[6,[6,6]],[[7,0],[8,9]]],[[[7,0],[6,6]],[[7,7],[0,9]]]]
2886
[[6,[6,6]],[[7,0],[8,9]]]
[[6,[6,6]],[[7,0],[8,9]]]
[[6,[6,6]],[[7,0],[8,9]]]
[[[6,0],[7,9]],[[6,7],[0,9]]]
reducing:[[[6,[6,6]],[[7,0],[8,9]]],[[[6,0],[7,9]],[[6,7],[0,9]]]]
2904
[[6,[6,6]],[[7,0],[8,9]]]
[[[6,7],[8,8]],[[0,6],9]]
reducing:[[[6,[6,6]],[[7,0],[8,9]]],[[[6,7],[8,8]],[[0,6],9]]]
2856
[[6,[6,6]],[[7,0],[8,9]]]
[[[0,6],[6,6]],[[6,7],[5,6]]]
reducing:[[[6,[6,6]],[[7,0],[8,9]]],[[[0,6],[6,6]],[[6,7],[5,6]]]]
2760
[[6,[6,6]],[[7,0],[8,9]]]
[[[7,9],[7,8]],[[8,3],8]]
reducing:[[[6,[6,6]],[[7,0],[8,9]]],[[[7,9],[7,8]],[[8,3],8]]]
3154
[[6,[6,6]],[[7,0],[8,9]]]
[[9,[5,6]],[[0,8],[7,5]]]
reducing:[[[6,[6,6]],[[7,0],[8,9]]],[[9,[5,6]],[[0,8],[7,5]]]]
2510
[[6,[6,6]],[[7,0],[8,9]]]
[[[7,8],[6,0]],[[6,6],[7,8]]]
reducing:[[[6,[6,6]],[[7,0],[8,9]]],[[[7,8],[6,0]],[[6,6],[7,8]]]]
3122
[[6,[6,6]],[[7,0],[8,9]]]
[[[6,0],[7,7]],[[7,7],[7,6]]]
reducing:[[[6,[6,6]],[[7,0],[8,9]]],[[[6,0],[7,7]],[[7,7],[7,6]]]]
3012
[[[6,0],[7,9]],[[6,7],[0,9]]]
[[[7,7],[7,7]],[[6,6],[6,6]]]
reducing:[[[[6,0],[7,9]],[[6,7],[0,9]]],[[[7,7],[7,7]],[[6,6],[6,6]]]]
3630
[[[6,0],[7,9]],[[6,7],[0,9]]]
[[[7,0],[6,6]],[[7,7],[0,9]]]
reducing:[[[[6,0],[7,9]],[[6,7],[0,9]]],[[[7,0],[6,6]],[[7,7],[0,9]]]]
3282
[[[6,0],[7,9]],[[6,7],[0,9]]]
[[6,[6,6]],[[7,0],[8,9]]]
reducing:[[[[6,0],[7,9]],[[6,7],[0,9]]],[[6,[6,6]],[[7,0],[8,9]]]]
3036
[[[6,0],[7,9]],[[6,7],[0,9]]]
[[[6,0],[7,9]],[[6,7],[0,9]]]
[[[6,0],[7,9]],[[6,7],[0,9]]]
[[[6,7],[8,8]],[[0,6],9]]
reducing:[[[[6,0],[7,9]],[[6,7],[0,9]]],[[[6,7],[8,8]],[[0,6],9]]]
3252
[[[6,0],[7,9]],[[6,7],[0,9]]]
[[[0,6],[6,6]],[[6,7],[5,6]]]
reducing:[[[[6,0],[7,9]],[[6,7],[0,9]]],[[[0,6],[6,6]],[[6,7],[5,6]]]]
3156
[[[6,0],[7,9]],[[6,7],[0,9]]]
[[[7,9],[7,8]],[[8,3],8]]
reducing:[[[[6,0],[7,9]],[[6,7],[0,9]]],[[[7,9],[7,8]],[[8,3],8]]]
3550
[[[6,0],[7,9]],[[6,7],[0,9]]]
[[9,[5,6]],[[0,8],[7,5]]]
reducing:[[[[6,0],[7,9]],[[6,7],[0,9]]],[[9,[5,6]],[[0,8],[7,5]]]]
2906
[[[6,0],[7,9]],[[6,7],[0,9]]]
[[[7,8],[6,0]],[[6,6],[7,8]]]
reducing:[[[[6,0],[7,9]],[[6,7],[0,9]]],[[[7,8],[6,0]],[[6,6],[7,8]]]]
3518
[[[6,0],[7,9]],[[6,7],[0,9]]]
[[[6,0],[7,7]],[[7,7],[7,6]]]
reducing:[[[[6,0],[7,9]],[[6,7],[0,9]]],[[[6,0],[7,7]],[[7,7],[7,6]]]]
3408
[[[6,7],[8,8]],[[0,6],9]]
[[[7,7],[7,7]],[[6,6],[6,6]]]
reducing:[[[[6,7],[8,8]],[[0,6],9]],[[[7,7],[7,7]],[[6,6],[6,6]]]]
3558
[[[6,7],[8,8]],[[0,6],9]]
[[[7,0],[6,6]],[[7,7],[0,9]]]
reducing:[[[[6,7],[8,8]],[[0,6],9]],[[[7,0],[6,6]],[[7,7],[0,9]]]]
3210
[[[6,7],[8,8]],[[0,6],9]]
[[6,[6,6]],[[7,0],[8,9]]]
reducing:[[[[6,7],[8,8]],[[0,6],9]],[[6,[6,6]],[[7,0],[8,9]]]]
2964
[[[6,7],[8,8]],[[0,6],9]]
[[[6,0],[7,9]],[[6,7],[0,9]]]
reducing:[[[[6,7],[8,8]],[[0,6],9]],[[[6,0],[7,9]],[[6,7],[0,9]]]]
3228
[[[6,7],[8,8]],[[0,6],9]]
[[[6,7],[8,8]],[[0,6],9]]
[[[6,7],[8,8]],[[0,6],9]]
[[[0,6],[6,6]],[[6,7],[5,6]]]
reducing:[[[[6,7],[8,8]],[[0,6],9]],[[[0,6],[6,6]],[[6,7],[5,6]]]]
3084
[[[6,7],[8,8]],[[0,6],9]]
[[[7,9],[7,8]],[[8,3],8]]
reducing:[[[[6,7],[8,8]],[[0,6],9]],[[[7,9],[7,8]],[[8,3],8]]]
3478
[[[6,7],[8,8]],[[0,6],9]]
[[9,[5,6]],[[0,8],[7,5]]]
reducing:[[[[6,7],[8,8]],[[0,6],9]],[[9,[5,6]],[[0,8],[7,5]]]]
2834
[[[6,7],[8,8]],[[0,6],9]]
[[[7,8],[6,0]],[[6,6],[7,8]]]
reducing:[[[[6,7],[8,8]],[[0,6],9]],[[[7,8],[6,0]],[[6,6],[7,8]]]]
3446
[[[6,7],[8,8]],[[0,6],9]]
[[[6,0],[7,7]],[[7,7],[7,6]]]
reducing:[[[[6,7],[8,8]],[[0,6],9]],[[[6,0],[7,7]],[[7,7],[7,6]]]]
3336
[[[0,6],[6,6]],[[6,7],[5,6]]]
[[[7,7],[7,7]],[[6,6],[6,6]]]
reducing:[[[[0,6],[6,6]],[[6,7],[5,6]]],[[[7,7],[7,7]],[[6,6],[6,6]]]]
3414
[[[0,6],[6,6]],[[6,7],[5,6]]]
[[[7,0],[6,6]],[[7,7],[0,9]]]
reducing:[[[[0,6],[6,6]],[[6,7],[5,6]]],[[[7,0],[6,6]],[[7,7],[0,9]]]]
3066
[[[0,6],[6,6]],[[6,7],[5,6]]]
[[6,[6,6]],[[7,0],[8,9]]]
reducing:[[[[0,6],[6,6]],[[6,7],[5,6]]],[[6,[6,6]],[[7,0],[8,9]]]]
2820
[[[0,6],[6,6]],[[6,7],[5,6]]]
[[[6,0],[7,9]],[[6,7],[0,9]]]
reducing:[[[[0,6],[6,6]],[[6,7],[5,6]]],[[[6,0],[7,9]],[[6,7],[0,9]]]]
3084
[[[0,6],[6,6]],[[6,7],[5,6]]]
[[[6,7],[8,8]],[[0,6],9]]
reducing:[[[[0,6],[6,6]],[[6,7],[5,6]]],[[[6,7],[8,8]],[[0,6],9]]]
3036
[[[0,6],[6,6]],[[6,7],[5,6]]]
[[[0,6],[6,6]],[[6,7],[5,6]]]
[[[0,6],[6,6]],[[6,7],[5,6]]]
[[[7,9],[7,8]],[[8,3],8]]
reducing:[[[[0,6],[6,6]],[[6,7],[5,6]]],[[[7,9],[7,8]],[[8,3],8]]]
3334
[[[0,6],[6,6]],[[6,7],[5,6]]]
[[9,[5,6]],[[0,8],[7,5]]]
reducing:[[[[0,6],[6,6]],[[6,7],[5,6]]],[[9,[5,6]],[[0,8],[7,5]]]]
2690
[[[0,6],[6,6]],[[6,7],[5,6]]]
[[[7,8],[6,0]],[[6,6],[7,8]]]
reducing:[[[[0,6],[6,6]],[[6,7],[5,6]]],[[[7,8],[6,0]],[[6,6],[7,8]]]]
3302
[[[0,6],[6,6]],[[6,7],[5,6]]]
[[[6,0],[7,7]],[[7,7],[7,6]]]
reducing:[[[[0,6],[6,6]],[[6,7],[5,6]]],[[[6,0],[7,7]],[[7,7],[7,6]]]]
3192
[[[7,9],[7,8]],[[8,3],8]]
[[[7,7],[7,7]],[[6,6],[6,6]]]
reducing:[[[[7,9],[7,8]],[[8,3],8]],[[[7,7],[7,7]],[[6,6],[6,6]]]]
4005
[[[7,9],[7,8]],[[8,3],8]]
[[[7,0],[6,6]],[[7,7],[0,9]]]
reducing:[[[[7,9],[7,8]],[[8,3],8]],[[[7,0],[6,6]],[[7,7],[0,9]]]]
3657
[[[7,9],[7,8]],[[8,3],8]]
[[6,[6,6]],[[7,0],[8,9]]]
reducing:[[[[7,9],[7,8]],[[8,3],8]],[[6,[6,6]],[[7,0],[8,9]]]]
3411
[[[7,9],[7,8]],[[8,3],8]]
[[[6,0],[7,9]],[[6,7],[0,9]]]
reducing:[[[[7,9],[7,8]],[[8,3],8]],[[[6,0],[7,9]],[[6,7],[0,9]]]]
3675
[[[7,9],[7,8]],[[8,3],8]]
[[[6,7],[8,8]],[[0,6],9]]
reducing:[[[[7,9],[7,8]],[[8,3],8]],[[[6,7],[8,8]],[[0,6],9]]]
3627
[[[7,9],[7,8]],[[8,3],8]]
[[[0,6],[6,6]],[[6,7],[5,6]]]
reducing:[[[[7,9],[7,8]],[[8,3],8]],[[[0,6],[6,6]],[[6,7],[5,6]]]]
3531
[[[7,9],[7,8]],[[8,3],8]]
[[[7,9],[7,8]],[[8,3],8]]
[[[7,9],[7,8]],[[8,3],8]]
[[9,[5,6]],[[0,8],[7,5]]]
reducing:[[[[7,9],[7,8]],[[8,3],8]],[[9,[5,6]],[[0,8],[7,5]]]]
3281
[[[7,9],[7,8]],[[8,3],8]]
[[[7,8],[6,0]],[[6,6],[7,8]]]
reducing:[[[[7,9],[7,8]],[[8,3],8]],[[[7,8],[6,0]],[[6,6],[7,8]]]]
3893
[[[7,9],[7,8]],[[8,3],8]]
[[[6,0],[7,7]],[[7,7],[7,6]]]
reducing:[[[[7,9],[7,8]],[[8,3],8]],[[[6,0],[7,7]],[[7,7],[7,6]]]]
3783
[[9,[5,6]],[[0,8],[7,5]]]
[[[7,7],[7,7]],[[6,6],[6,6]]]
reducing:[[[9,[5,6]],[[0,8],[7,5]]],[[[7,7],[7,7]],[[6,6],[6,6]]]]
3039
[[9,[5,6]],[[0,8],[7,5]]]
[[[7,0],[6,6]],[[7,7],[0,9]]]
reducing:[[[9,[5,6]],[[0,8],[7,5]]],[[[7,0],[6,6]],[[7,7],[0,9]]]]
2691
[[9,[5,6]],[[0,8],[7,5]]]
[[6,[6,6]],[[7,0],[8,9]]]
reducing:[[[9,[5,6]],[[0,8],[7,5]]],[[6,[6,6]],[[7,0],[8,9]]]]
2445
[[9,[5,6]],[[0,8],[7,5]]]
[[[6,0],[7,9]],[[6,7],[0,9]]]
reducing:[[[9,[5,6]],[[0,8],[7,5]]],[[[6,0],[7,9]],[[6,7],[0,9]]]]
2709
[[9,[5,6]],[[0,8],[7,5]]]
[[[6,7],[8,8]],[[0,6],9]]
reducing:[[[9,[5,6]],[[0,8],[7,5]]],[[[6,7],[8,8]],[[0,6],9]]]
2661
[[9,[5,6]],[[0,8],[7,5]]]
[[[0,6],[6,6]],[[6,7],[5,6]]]
reducing:[[[9,[5,6]],[[0,8],[7,5]]],[[[0,6],[6,6]],[[6,7],[5,6]]]]
2565
[[9,[5,6]],[[0,8],[7,5]]]
[[[7,9],[7,8]],[[8,3],8]]
reducing:[[[9,[5,6]],[[0,8],[7,5]]],[[[7,9],[7,8]],[[8,3],8]]]
2959
[[9,[5,6]],[[0,8],[7,5]]]
[[9,[5,6]],[[0,8],[7,5]]]
[[9,[5,6]],[[0,8],[7,5]]]
[[[7,8],[6,0]],[[6,6],[7,8]]]
reducing:[[[9,[5,6]],[[0,8],[7,5]]],[[[7,8],[6,0]],[[6,6],[7,8]]]]
2927
[[9,[5,6]],[[0,8],[7,5]]]
[[[6,0],[7,7]],[[7,7],[7,6]]]
reducing:[[[9,[5,6]],[[0,8],[7,5]]],[[[6,0],[7,7]],[[7,7],[7,6]]]]
2817
[[[7,8],[6,0]],[[6,6],[7,8]]]
[[[7,7],[7,7]],[[6,6],[6,6]]]
reducing:[[[[7,8],[6,0]],[[6,6],[7,8]]],[[[7,7],[7,7]],[[6,6],[6,6]]]]
3957
[[[7,8],[6,0]],[[6,6],[7,8]]]
[[[7,0],[6,6]],[[7,7],[0,9]]]
reducing:[[[[7,8],[6,0]],[[6,6],[7,8]]],[[[7,0],[6,6]],[[7,7],[0,9]]]]
3609
[[[7,8],[6,0]],[[6,6],[7,8]]]
[[6,[6,6]],[[7,0],[8,9]]]
reducing:[[[[7,8],[6,0]],[[6,6],[7,8]]],[[6,[6,6]],[[7,0],[8,9]]]]
3363
[[[7,8],[6,0]],[[6,6],[7,8]]]
[[[6,0],[7,9]],[[6,7],[0,9]]]
reducing:[[[[7,8],[6,0]],[[6,6],[7,8]]],[[[6,0],[7,9]],[[6,7],[0,9]]]]
3627
[[[7,8],[6,0]],[[6,6],[7,8]]]
[[[6,7],[8,8]],[[0,6],9]]
reducing:[[[[7,8],[6,0]],[[6,6],[7,8]]],[[[6,7],[8,8]],[[0,6],9]]]
3579
[[[7,8],[6,0]],[[6,6],[7,8]]]
[[[0,6],[6,6]],[[6,7],[5,6]]]
reducing:[[[[7,8],[6,0]],[[6,6],[7,8]]],[[[0,6],[6,6]],[[6,7],[5,6]]]]
3483
[[[7,8],[6,0]],[[6,6],[7,8]]]
[[[7,9],[7,8]],[[8,3],8]]
reducing:[[[[7,8],[6,0]],[[6,6],[7,8]]],[[[7,9],[7,8]],[[8,3],8]]]
3877
[[[7,8],[6,0]],[[6,6],[7,8]]]
[[9,[5,6]],[[0,8],[7,5]]]
reducing:[[[[7,8],[6,0]],[[6,6],[7,8]]],[[9,[5,6]],[[0,8],[7,5]]]]
3233
[[[7,8],[6,0]],[[6,6],[7,8]]]
[[[7,8],[6,0]],[[6,6],[7,8]]]
[[[7,8],[6,0]],[[6,6],[7,8]]]
[[[6,0],[7,7]],[[7,7],[7,6]]]
reducing:[[[[7,8],[6,0]],[[6,6],[7,8]]],[[[6,0],[7,7]],[[7,7],[7,6]]]]
3735
[[[6,0],[7,7]],[[7,7],[7,6]]]
[[[7,7],[7,7]],[[6,6],[6,6]]]
reducing:[[[[6,0],[7,7]],[[7,7],[7,6]]],[[[7,7],[7,7]],[[6,6],[6,6]]]]
3792
[[[6,0],[7,7]],[[7,7],[7,6]]]
[[[7,0],[6,6]],[[7,7],[0,9]]]
reducing:[[[[6,0],[7,7]],[[7,7],[7,6]]],[[[7,0],[6,6]],[[7,7],[0,9]]]]
3444
[[[6,0],[7,7]],[[7,7],[7,6]]]
[[6,[6,6]],[[7,0],[8,9]]]
reducing:[[[[6,0],[7,7]],[[7,7],[7,6]]],[[6,[6,6]],[[7,0],[8,9]]]]
3198
[[[6,0],[7,7]],[[7,7],[7,6]]]
[[[6,0],[7,9]],[[6,7],[0,9]]]
reducing:[[[[6,0],[7,7]],[[7,7],[7,6]]],[[[6,0],[7,9]],[[6,7],[0,9]]]]
3462
[[[6,0],[7,7]],[[7,7],[7,6]]]
[[[6,7],[8,8]],[[0,6],9]]
reducing:[[[[6,0],[7,7]],[[7,7],[7,6]]],[[[6,7],[8,8]],[[0,6],9]]]
3414
[[[6,0],[7,7]],[[7,7],[7,6]]]
[[[0,6],[6,6]],[[6,7],[5,6]]]
reducing:[[[[6,0],[7,7]],[[7,7],[7,6]]],[[[0,6],[6,6]],[[6,7],[5,6]]]]
3318
[[[6,0],[7,7]],[[7,7],[7,6]]]
[[[7,9],[7,8]],[[8,3],8]]
reducing:[[[[6,0],[7,7]],[[7,7],[7,6]]],[[[7,9],[7,8]],[[8,3],8]]]
3712
[[[6,0],[7,7]],[[7,7],[7,6]]]
[[9,[5,6]],[[0,8],[7,5]]]
reducing:[[[[6,0],[7,7]],[[7,7],[7,6]]],[[9,[5,6]],[[0,8],[7,5]]]]
3068
[[[6,0],[7,7]],[[7,7],[7,6]]]
[[[7,8],[6,0]],[[6,6],[7,8]]]
reducing:[[[[6,0],[7,7]],[[7,7],[7,6]]],[[[7,8],[6,0]],[[6,6],[7,8]]]]
3680
[[[6,0],[7,7]],[[7,7],[7,6]]]
[[[6,0],[7,7]],[[7,7],[7,6]]]
4005
